
VERSION 0.10

NB_ALVEOLES 23
COEFF_PROG_GEOM 0.92000
COEFF_EXP 0.13763
EPAI_REL_CENTRE 18.000
BORD_ATTAQUE_FORME -0.001 1.082  1.121 1.102  3.655 1.041  4.561 0.099
BORD_DE_FUITE_FORME 0.000 -1.327  1.337 -1.328  4.099 -1.160  4.561 -0.839
SUSPENTAGE_LIGNE_A 0.000 0.740  1.160 0.740  3.653 0.740  4.561 -0.014
SUSPENTAGE_LIGNE_B 0.000 0.278  1.180 0.278  3.638 0.321  4.561 -0.380
SUSPENTAGE_LIGNE_C 0.000 -0.282  1.180 -0.282  3.596 -0.223  4.561 -0.753
SUSPENTAGE_LIGNE_D -0.001 -0.998  1.258 -0.695  3.596 -0.678  4.561 -0.693
SUSPENTAGE_LIGNE_E -0.001 -1.198  1.308 -1.195  4.048 -1.078  4.561 -0.793
DIEDRE 0.000 1.614  3.467 1.608  3.803 0.663  3.806 0.000
MORPHING 0.000 1.000  1.415 1.000  10.741 0.504  11.000 0.000
VRILLAGE 0.000 5.000  0.599 14.404  8.427 7.141  11.000 8.000
EPAISSEUR_RELATIVE 0.000 1.000  9.363 1.142  10.046 0.998  11.000 0.000

PROFIL_CENTRE ProfilDefaut.txt
PROFIL_BOUT ProfilDefaut.txt

TABLEAU_FORME 12
1 2.405 18.00 0.482 1.606 1.084 90.00 5.00 1.00 14.4 33.5 56.7 82.6 94.7
2 2.341 18.26 1.367 1.550 1.053 84.33 8.63 0.97 14.3 33.6 57.1 78.9 94.8
3 2.233 18.48 2.070 1.448 0.988 79.12 9.54 0.93 14.1 33.7 57.9 77.5 94.9
4 2.103 18.67 2.622 1.309 0.903 72.35 9.85 0.88 13.8 34.2 59.1 77.0 95.1
5 1.960 18.79 3.045 1.138 0.806 63.53 9.83 0.82 13.6 34.9 60.7 76.9 95.1
6 1.810 18.82 3.355 0.944 0.702 52.45 9.64 0.75 13.3 35.9 62.8 77.1 95.2
7 1.660 18.70 3.564 0.739 0.597 39.90 9.34 0.68 13.1 37.2 65.3 77.5 95.2
8 1.512 18.34 3.691 0.542 0.492 27.39 8.98 0.61 12.8 38.8 68.4 78.1 95.1
9 1.365 17.58 3.758 0.366 0.387 17.04 8.60 0.52 12.6 40.8 72.2 78.9 95.0
10 1.220 15.96 3.791 0.218 0.285 9.47 8.24 0.41 12.4 43.4 76.9 79.9 94.9
11 1.078 12.07 3.803 0.097 0.187 4.04 7.98 0.28 12.1 46.7 82.9 81.6 94.9
12 0.938 0.00 3.806 0.000 0.099 1.96 8.00 0.00 12.0 51.1 90.8 84.4 95.1