
VERSION 0.10

NB_ALVEOLES 71
COEFF_PROG_GEOM 0.98250
COEFF_EXP 0.00010
EPAI_REL_CENTRE 18.800
BORD_ATTAQUE_FORME 0.000 0.782  2.864 0.779  4.117 0.716  5.860 -0.404
BORD_DE_FUITE_FORME 0.000 -0.933  2.021 -0.946  3.336 -0.946  5.860 -0.906
SUSPENTAGE_LIGNE_A 0.000 0.594  2.053 0.578  4.094 0.581  5.860 -0.438
SUSPENTAGE_LIGNE_B 0.000 0.077  1.852 0.088  4.434 0.012  5.860 -0.577
SUSPENTAGE_LIGNE_C 0.000 -0.383  1.131 -0.383  4.388 -0.409  5.860 -0.730
SUSPENTAGE_LIGNE_D 0.000 -0.816  2.991 -0.794  3.785 -0.738  5.860 -0.854
SUSPENTAGE_LIGNE_E 0.000 -0.816  2.991 -0.794  4.388 -0.856  5.860 -0.854
DIEDRE 0.000 2.772  3.891 2.752  4.654 0.443  4.694 0.043
MORPHING 0.000 1.000  21.508 1.001  32.408 0.995  35.000 0.900
VRILLAGE 0.000 0.000  23.547 -0.003  29.588 -0.129  35.000 -0.500
EPAISSEUR_RELATIVE 0.000 1.000  72.947 0.995  35.000 0.933  35.000 0.000

PROFIL_CENTRE f803.txt
PROFIL_BOUT f803.txt

TABLEAU_FORME 36
1 1.715 18.80 0.111 2.768 0.782 90.00 0.00 1.00 11.0 41.0 68.3 93.4 10.0
2 1.716 18.80 0.330 2.760 0.781 87.89 -0.00 1.00 11.0 41.0 68.3 93.4 10.0
3 1.716 18.80 0.544 2.752 0.780 86.40 -0.00 1.00 11.0 41.0 68.3 93.4 10.0
4 1.716 18.79 0.754 2.733 0.779 84.47 -0.00 1.00 11.0 41.0 68.3 93.4 10.0
5 1.714 18.79 0.960 2.712 0.776 83.71 -0.00 1.00 11.0 41.0 68.3 93.4 10.0
6 1.712 18.79 1.163 2.688 0.773 81.69 -0.00 1.00 11.0 41.0 68.3 93.4 10.0
7 1.709 18.79 1.360 2.654 0.769 79.99 -0.00 1.00 11.0 41.0 68.3 93.4 10.0
8 1.704 18.78 1.553 2.619 0.764 78.59 -0.01 1.00 11.0 41.3 68.3 93.4 10.0
9 1.698 18.78 1.741 2.576 0.757 76.43 -0.01 1.00 11.0 41.5 68.3 93.4 10.0
10 1.691 18.78 1.925 2.530 0.750 75.17 -0.01 1.00 11.0 41.6 68.3 93.4 10.0
11 1.680 18.78 2.105 2.480 0.740 72.92 -0.01 1.00 11.0 41.8 68.3 93.4 10.0
12 1.669 18.77 2.278 2.421 0.729 71.16 -0.01 1.00 11.0 41.9 68.3 93.4 10.0
13 1.654 18.77 2.448 2.363 0.714 69.10 -0.02 1.00 11.0 42.1 68.3 93.4 10.0
14 1.638 18.76 2.611 2.294 0.699 66.74 -0.02 1.00 11.0 42.2 68.3 93.4 10.0
15 1.619 18.75 2.770 2.225 0.680 64.98 -0.02 1.00 11.0 42.4 68.3 93.4 10.0
16 1.597 18.75 2.922 2.149 0.659 62.58 -0.03 1.00 11.0 42.5 68.3 93.4 10.0
17 1.573 18.74 3.070 2.069 0.635 60.60 -0.03 1.00 11.0 42.6 68.3 93.4 10.0
18 1.543 18.73 3.211 1.986 0.607 58.18 -0.04 1.00 11.0 42.6 68.3 93.4 10.0
19 1.513 18.73 3.347 1.897 0.578 56.01 -0.05 1.00 11.0 42.6 68.3 93.4 10.0
20 1.477 18.72 3.477 1.807 0.544 53.60 -0.05 0.99 11.0 42.5 68.3 93.4 10.0
21 1.439 18.71 3.600 1.711 0.507 51.26 -0.06 0.99 11.0 42.4 68.3 93.4 10.0
22 1.398 18.70 3.718 1.613 0.467 48.89 -0.07 0.99 11.0 42.3 68.3 93.4 10.0
23 1.352 18.68 3.829 1.511 0.423 46.42 -0.08 0.99 11.0 42.0 68.3 93.4 10.0
24 1.304 18.67 3.934 1.408 0.377 44.11 -0.09 0.99 11.0 41.8 68.3 93.4 10.0
25 1.251 18.65 4.032 1.301 0.325 41.54 -0.11 0.99 11.0 41.4 68.3 93.4 10.0
26 1.197 18.64 4.125 1.192 0.272 39.31 -0.12 0.98 11.0 41.0 68.3 93.4 10.0
27 1.137 18.63 4.212 1.082 0.214 36.67 -0.14 0.98 11.0 40.5 68.3 93.4 10.0
28 1.076 18.61 4.291 0.969 0.155 34.45 -0.16 0.98 11.0 39.9 68.3 93.4 10.0
29 1.011 18.58 4.366 0.857 0.092 31.82 -0.19 0.98 11.0 39.3 68.3 93.4 10.0
30 0.944 18.56 4.432 0.741 0.027 28.94 -0.21 0.97 11.0 38.5 68.3 93.4 10.0
31 0.874 18.53 4.494 0.626 -0.041 26.96 -0.25 0.97 11.0 37.8 68.3 93.4 10.0
32 0.803 18.50 4.550 0.511 -0.110 23.97 -0.28 0.96 11.0 36.9 68.3 93.4 10.0
33 0.729 18.47 4.597 0.394 -0.182 20.71 -0.33 0.95 11.0 36.3 68.3 93.4 10.0
34 0.655 18.44 4.638 0.277 -0.254 17.62 -0.38 0.94 11.0 35.4 68.3 93.4 10.0
35 0.578 18.39 4.671 0.160 -0.330 13.35 -0.44 0.93 11.0 35.0 68.3 93.4 10.0
36 0.502 0.00 4.694 0.043 -0.404 10.81  -0.50 0.90 1.0  34.5 68.3 93.4 10.0