
VERSION 0.10

NB_ALVEOLES 23
COEFF_PROG_GEOM 0.95000
COEFF_EXP 0.93763
EPAI_REL_CENTRE 17.000
BORD_ATTAQUE_FORME -0.001 1.082  1.121 1.102  3.655 1.041  4.561 0.099
BORD_DE_FUITE_FORME 0.000 -1.327  1.337 -1.328  4.099 -1.160  4.561 -0.839
SUSPENTAGE_LIGNE_A 0.000 0.740  1.160 0.740  3.653 0.740  4.561 -0.014
SUSPENTAGE_LIGNE_B 0.000 0.278  1.180 0.278  3.638 0.321  4.561 -0.380
SUSPENTAGE_LIGNE_C 0.000 -0.282  1.180 -0.282  3.596 -0.223  4.561 -0.753
SUSPENTAGE_LIGNE_D -0.001 -0.998  1.258 -0.695  3.596 -0.678  4.561 -0.693
SUSPENTAGE_LIGNE_E -0.001 -1.198  1.308 -1.195  4.048 -1.078  4.561 -0.793
DIEDRE 0.000 1.614  3.467 1.608  3.803 0.663  3.806 0.000
MORPHING 0.000 1.000  1.415 1.000  10.741 0.504  11.000 0.000
VRILLAGE 0.000 5.000  4.326 5.285  8.108 6.732  11.000 8.000
EPAISSEUR_RELATIVE 0.000 1.000  9.363 1.142  10.046 0.998  11.000 0.000

PROFIL_CENTRE ProfilDefaut.txt
PROFIL_BOUT ProfilDefaut.txt

TABLEAU_FORME 12
1 2.365 17.00 1.132 1.570 1.066 90.00 5.00 1.00 14.3 33.5 57.0 79.6 94.8
2 1.892 17.24 3.202 1.051 0.760 66.90 5.09 0.97 13.5 35.3 61.6 77.0 95.1
3 1.447 17.46 3.725 0.464 0.446 34.15 5.22 0.93 12.7 39.6 70.0 78.4 95.1
4 1.175 17.63 3.795 0.176 0.255 11.15 5.39 0.88 12.3 44.3 78.7 80.5 94.9
5 1.033 17.75 3.804 0.066 0.158 3.81 5.59 0.82 12.1 47.9 85.2 82.4 94.9
6 0.973 17.78 3.805 0.024 0.121 1.96 5.84 0.75 12.1 49.8 88.6 83.6 95.0
7 0.951 17.66 3.806 0.009 0.107 1.96 6.12 0.68 12.1 50.6 90.0 84.1 95.1
8 0.943 17.33 3.806 0.003 0.102 1.96 6.44 0.61 12.1 50.9 90.5 84.3 95.1
9 0.940 16.60 3.806 0.001 0.100 1.96 6.79 0.52 12.0 51.0 90.7 84.4 95.1
10 0.939 15.07 3.806 0.000 0.099 1.96 7.17 0.41 12.0 51.0 90.8 84.4 95.1
11 0.938 11.40 3.806 0.000 0.099 1.96 7.57 0.28 12.0 51.1 90.8 84.4 95.1
12 0.938 0.00 3.806 0.000 0.099 1.96 8.00 0.00 12.0 51.1 90.8 84.4 95.1