
VERSION 0.10

NB_ALVEOLES 23
COEFF_PROG_GEOM 0.90000
EPAI_REL_CENTRE 18.000
BORD_ATTAQUE_FORME -0.001 1.082  1.121 1.102  3.251 2.823  4.561 0.099
BORD_DE_FUITE_FORME 0.000 -1.327  1.461 -2.313  4.099 -1.160  4.561 -0.839
SUSPENTAGE_LIGNE_A 0.000 0.740  1.126 0.427  3.653 0.740  4.561 -0.014
SUSPENTAGE_LIGNE_B 0.000 0.278  1.208 -0.002  3.638 0.321  4.561 -0.380
SUSPENTAGE_LIGNE_C 0.000 -0.282  1.184 -0.757  3.596 -0.223  4.561 -0.753
SUSPENTAGE_LIGNE_D -0.001 -1.198  1.417 -0.699  4.048 -1.078  4.561 -0.793
SUSPENTAGE_LIGNE_E -0.002 -1.198  1.417 -0.699  4.048 -1.078  4.561 -0.793
DIEDRE 0.000 1.659  2.457 2.446  2.772 -0.164  3.912 0.000
MORPHING 0.000 1.000  1.415 1.000  9.028 0.906  11.000 0.000
VRILLAGE 0.000 1.000  0.569 4.983  9.618 5.909  11.000 5.000
EPAISSEUR_RELATIVE 0.000 1.000  3.057 0.271  10.209 0.690  11.000 0.000

PROFIL_CENTRE ProfilDefaut.txt
PROFIL_BOUT ProfilDefaut.txt

TABLEAU_FORME 12
1 2.617 18.00 0.300 1.737 1.123 90.00 1.00 1.00 17.1 34.4 57.3 85.3
2 2.970 14.74 0.914 1.802 1.297 88.79 2.81 0.99 23.3 38.1 59.5 77.3
3 3.184 12.70 1.461 1.713 1.469 73.28 3.58 0.97 28.1 41.7 61.7 75.9
4 3.272 11.29 1.914 1.501 1.585 59.20 4.09 0.94 31.7 44.7 63.7 76.7
5 3.250 10.30 2.273 1.229 1.632 49.37 4.49 0.90 34.1 47.0 65.5 78.4
6 3.135 9.56 2.563 0.944 1.610 44.00 4.78 0.86 35.7 48.8 67.1 80.5
7 2.932 8.94 2.809 0.673 1.510 42.51 5.01 0.79 36.2 50.1 68.6 82.7
8 2.657 8.35 3.033 0.432 1.346 44.73 5.17 0.72 35.8 50.9 70.1 85.0
9 2.319 7.68 3.249 0.229 1.121 51.41 5.28 0.62 34.4 51.3 72.0 87.4
10 1.920 6.69 3.471 0.083 0.838 63.45 5.32 0.49 31.3 51.4 74.7 90.0
11 1.462 5.00 3.697 0.006 0.497 79.39 5.27 0.30 25.3 51.1 79.2 92.8
12 0.938 0.00 3.912 -0.000 0.099 88.47 5.00 0.00 12.0 51.1 90.8 95.1