
VERSION 0.10

NB_ALVEOLES 28
COEFF_PROG_GEOM 0.98216
EPAI_REL_CENTRE 16.500
BORD_ATTAQUE_FORME -0.001 0.525  1.838 0.527  2.421 0.265  2.506 0.055
BORD_DE_FUITE_FORME 0.000 -0.642  1.225 -0.638  2.307 -0.511  2.506 -0.363
SUSPENTAGE_LIGNE_A 0.000 0.358  0.637 0.358  1.987 0.409  2.506 -0.000
SUSPENTAGE_LIGNE_B 0.000 0.120  0.648 0.120  1.852 0.139  2.506 -0.163
SUSPENTAGE_LIGNE_C 0.000 -0.131  0.832 -0.139  1.749 -0.152  2.506 -0.324
SUSPENTAGE_LIGNE_D -0.001 -0.579  0.720 -0.579  2.224 -0.481  2.506 -0.343
DIEDRE 0.000 0.964  0.996 0.972  2.147 0.592  2.105 0.000
MORPHING 0.000 1.000  38.190 0.995  14.000 0.984  14.000 0.000
VRILLAGE 0.000 0.000  5.689 0.000  6.965 0.000  14.000 -5.000
EPAISSEUR_RELATIVE 0.000 1.000  26.794 1.008  13.046 0.998  14.000 0.000

PROFIL_CENTRE ProfilDefaut.txt
PROFIL_BOUT ProfilDefaut.txt

TABLEAU_FORME 15
1 1.167 16.50 0.000 0.964 0.525 90.00 0.00 1.00 14.3 34.7 56.2 94.6
2 1.164 16.50 0.201 0.960 0.524 87.49 -0.00 1.00 14.1 34.7 56.4 94.6
3 1.157 16.51 0.397 0.947 0.520 84.89 -0.01 1.00 13.8 34.7 56.7 94.4
4 1.145 16.51 0.590 0.925 0.515 82.34 -0.04 1.00 13.5 34.7 57.1 94.2
5 1.130 16.52 0.777 0.896 0.507 79.69 -0.12 1.00 13.3 34.9 57.7 94.1
6 1.108 16.52 0.960 0.858 0.496 76.82 -0.25 1.00 13.0 35.1 58.3 93.9
7 1.082 16.51 1.138 0.812 0.482 73.80 -0.48 1.00 12.9 35.5 59.2 93.8
8 1.050 16.51 1.309 0.757 0.464 70.54 -0.81 1.00 12.8 36.1 60.3 93.7
9 1.012 16.50 1.474 0.693 0.442 66.69 -1.23 1.00 12.9 36.9 61.7 93.6
10 0.966 16.49 1.631 0.618 0.416 61.59 -1.75 1.00 13.1 38.1 63.4 93.5
11 0.912 16.47 1.776 0.529 0.383 55.25 -2.32 1.00 13.7 39.6 65.6 93.5
12 0.843 16.43 1.908 0.426 0.341 46.30 -2.95 1.00 14.5 41.6 68.5 93.6
13 0.759 16.40 2.015 0.301 0.287 33.42 -3.61 1.00 15.7 44.4 72.4 93.7
14 0.642 16.31 2.085 0.157 0.211 16.60 -4.30 0.99 17.5 48.5 78.2 93.9
15 0.417 0.00 2.105 0.000 0.055 6.96 -5.00 0.00 13.2 52.2 90.8 95.2