
VERSION 0.10

NB_ALVEOLES 63
COEFF_PROG_GEOM 0.92073
EPAI_REL_CENTRE 18.000
BORD_ATTAQUE_FORME -0.001 2.446  1.121 2.466  4.708 2.023  4.561 0.099
BORD_DE_FUITE_FORME 0.000 -1.327  1.337 -1.328  4.099 -1.160  4.561 -0.839
SUSPENTAGE_LIGNE_A 0.000 1.910  1.160 1.910  3.653 0.740  4.561 -0.014
SUSPENTAGE_LIGNE_B 0.000 1.186  1.180 1.186  3.638 0.321  4.561 -0.380
SUSPENTAGE_LIGNE_C 0.000 0.309  1.180 0.309  3.596 -0.223  4.561 -0.753
SUSPENTAGE_LIGNE_D -0.001 -1.125  1.308 -1.122  4.048 -1.078  4.561 -0.793
DIEDRE 0.000 1.614  3.467 1.608  3.803 0.663  3.806 0.000
MORPHING 0.000 1.000  1.415 1.000  30.741 0.504  31.000 0.000
VRILLAGE 0.000 5.000  4.326 5.285  28.108 6.732  31.000 8.000
EPAISSEUR_RELATIVE 0.000 1.000  9.363 1.142  30.046 0.998  31.000 0.000

PROFIL_CENTRE xt6m.txt
PROFIL_BOUT xtu10.txt

TABLEAU_FORME 32
1 3.771 18.00 0.188 1.611 2.445 90.00 5.00 1.00 14.4 33.5 56.7 94.7 98.0
2 3.745 18.23 0.563 1.603 2.426 88.06 5.06 0.99 15.6 34.4 57.3 94.7 98.0
3 3.703 18.43 0.909 1.586 2.394 86.45 5.13 0.97 17.1 35.6 58.2 94.8 98.0
4 3.649 18.58 1.227 1.562 2.354 84.98 5.19 0.96 18.8 37.0 59.2 95.0 98.0
5 3.588 18.69 1.518 1.533 2.308 83.49 5.26 0.94 20.6 38.4 60.2 95.1 98.0
6 3.522 18.77 1.786 1.498 2.257 81.40 5.33 0.92 22.3 39.8 61.3 95.2 98.0
7 3.451 18.81 2.031 1.455 2.203 79.16 5.39 0.90 24.1 41.3 62.5 95.4 98.0
8 3.379 18.83 2.255 1.409 2.147 77.27 5.46 0.88 25.8 42.8 63.6 95.5 98.0
9 3.302 18.80 2.460 1.359 2.087 74.70 5.53 0.86 27.3 44.1 64.7 95.6 98.0
10 3.224 18.77 2.645 1.302 2.027 71.58 5.60 0.84 28.9 45.5 65.9 95.7 98.0
11 3.146 18.68 2.813 1.241 1.966 68.76 5.67 0.82 30.4 46.9 67.1 95.8 98.0
12 3.066 18.59 2.965 1.178 1.902 65.69 5.74 0.80 31.7 48.2 68.2 95.9 98.0
13 2.986 18.44 3.101 1.111 1.840 61.55 5.82 0.78 33.1 49.5 69.3 96.0 98.0
14 2.905 18.28 3.220 1.039 1.775 57.35 5.89 0.76 34.3 50.6 70.4 96.1 98.0
15 2.824 18.08 3.326 0.967 1.712 53.78 5.97 0.74 35.4 51.9 71.6 96.2 98.0
16 2.744 17.85 3.419 0.894 1.648 48.74 6.05 0.71 36.5 53.0 72.7 96.3 98.0
17 2.661 17.58 3.496 0.817 1.581 43.36 6.13 0.69 37.5 54.1 73.8 96.3 98.0
18 2.584 17.27 3.562 0.742 1.520 39.51 6.21 0.66 38.5 55.2 74.9 96.4 98.0
19 2.499 16.93 3.618 0.669 1.451 34.35 6.30 0.64 39.2 56.2 76.0 96.4 98.0
20 2.417 16.53 3.662 0.596 1.386 29.20 6.38 0.61 40.0 57.2 77.2 96.5 98.0
21 2.341 16.10 3.698 0.527 1.324 25.63 6.47 0.58 40.7 58.2 78.3 96.5 98.0
22 2.252 15.59 3.727 0.461 1.252 21.27 6.56 0.55 41.2 59.1 79.5 96.6 98.0
23 2.171 15.04 3.748 0.398 1.185 17.88 6.66 0.52 41.7 60.0 80.6 96.6 98.0
24 2.093 14.40 3.766 0.340 1.122 14.62 6.76 0.49 42.1 60.9 81.8 96.6 98.0
25 1.999 13.68 3.778 0.285 1.044 11.58 6.87 0.45 42.2 61.6 83.0 96.6 98.0
26 1.912 12.88 3.788 0.234 0.972 9.49 6.97 0.42 42.3 62.3 84.2 96.6 98.0
27 1.830 11.90 3.794 0.187 0.906 6.94 7.09 0.38 42.4 63.2 85.5 96.6 98.0
28 1.722 10.80 3.799 0.143 0.814 5.82 7.22 0.33 41.6 63.5 86.8 96.6 98.0
29 1.620 9.48 3.803 0.103 0.728 3.86 7.36 0.29 40.8 63.9 88.1 96.6 98.0
30 1.513 7.74 3.804 0.066 0.638 1.96 7.52 0.23 39.7 64.2 89.8 96.5 98.0
31 1.350 5.37 3.805 0.032 0.494 1.96 7.72 0.16 35.8 63.1 91.2 96.3 98.0
32 0.938 0.00 3.806 -0.000 0.099 1.96 8.00 0.00 12.0 51.1 90.8 95.1 98.0