
VERSION 0.10

NB_ALVEOLES 23
COEFF_PROG_GEOM 0.92000
EPAI_REL_CENTRE 18.000
BORD_ATTAQUE_FORME -0.001 1.082  1.121 1.102  3.655 1.041  4.561 0.099
BORD_DE_FUITE_FORME 0.000 -1.327  1.337 -1.328  4.099 -1.160  4.561 -0.839
SUSPENTAGE_LIGNE_A 0.000 0.740  1.160 0.740  3.653 0.740  4.561 -0.014
SUSPENTAGE_LIGNE_B 0.000 0.278  1.180 0.278  3.638 0.321  4.561 -0.380
SUSPENTAGE_LIGNE_C 0.000 -0.282  1.180 -0.282  3.596 -0.223  4.561 -0.753
SUSPENTAGE_LIGNE_D -0.001 -1.198  1.308 -1.195  4.048 -1.078  4.561 -0.793
DIEDRE 0.000 1.614  3.467 1.608  3.803 0.663  3.806 0.000
MORPHING 0.000 1.000  1.415 1.000  10.741 0.504  11.000 0.000
VRILLAGE 0.000 5.000  4.326 5.285  8.108 6.732  11.000 8.000
EPAISSEUR_RELATIVE 0.000 1.000  9.363 1.142  10.046 0.998  11.000 0.000

PROFIL_CENTRE ProfilDefaut.txt
PROFIL_BOUT ProfilDefaut.txt

TABLEAU_FORME 12
1 2.409 18.00 0.285 1.609 1.085 90.00 5.00 1.00 10.3 30.5 56.7 94.6
2 2.387 18.26 0.854 1.589 1.077 86.81 5.09 0.97 10.4 30.5 56.8 94.7
3 2.340 18.48 1.377 1.549 1.052 84.10 5.22 0.93 10.3 30.6 57.1 94.8
4 2.273 18.67 1.855 1.487 1.012 80.65 5.39 0.88 10.2 30.7 57.6 94.9
5 2.187 18.79 2.290 1.400 0.958 76.56 5.59 0.82 10.0 30.9 58.3 95.0
6 2.086 18.82 2.683 1.290 0.892 70.87 5.84 0.75 9.8 31.3 59.2 95.1
7 1.966 18.70 3.029 1.146 0.811 63.13 6.12 0.68 9.6 31.9 60.6 95.1
8 1.827 18.34 3.324 0.968 0.715 52.83 6.44 0.61 9.4 32.8 62.5 95.2
9 1.668 17.58 3.555 0.751 0.603 39.24 6.79 0.52 9.1 34.1 65.2 95.2
10 1.481 15.96 3.708 0.503 0.470 24.19 7.17 0.41 8.8 35.2 69.2 95.1
11 1.249 12.07 3.785 0.246 0.305 10.76 7.57 0.28 8.4 48.8 75.9 95.0
12 0.938 0.00 3.806 -0.000 0.099 4.86 8.00 0.00 8.0 49.1 90.8 95.1